120011200
120036060
120011200
120011300
120040040
120040040
120036060
120036060
120040040
120036060
120036060
120030000
120011200
120036060
120030000
120032600
120036060
120036060
120036060
120040040
120032600
120036060
120011300
120011300
120036060
120036060
120011300
120011300
120011300
120011300
120011510
120040040
120036060
120031570
120030580
120011300
120011300
120011300
120040040
120040040
120040040
120040040
120040040
120011300
120036060
120036060