120032300
120011300
120011200
120036060
120011200
120032300
120011300
120011200
120011200
120011200
120036060
120036060
120036060
120036060
120036060
120036060
120036060
120036060
120036060
120036060
120040040
120040040
120040095
120036060
120011200
120030510
120036060
120040040
120011200
120011200
120030000
120036060
120040040
120036060
120011200
120036060
120036060
120036060
120036060
120036060
120036060
120036060
120036060
120036060
120040180
120031550
120032310
120011200
120011200
120011510
120032300
120011500
120030000
120030000
120011300
120011200
120040180
120030000
120011300
120040095
120040180
120011200
120040095
120040095
120011300
120036060